Fe -0.2032309880 0.0213608890 0.0582157679
O -1.3590859034 0.2172952055 1.8264591594
O 0.8260485485 -0.1310329722 -1.7020499505
O -0.3476588547 2.1193909306 -0.2280881595
O 1.3813614848 0.0631616065 0.9628212210
O -2.1626305368 0.0119540041 -0.8888650916
O -0.5029574100 -2.0898286995 0.1169821204
H -0.4730192975 2.7465328643 0.5004467095
H 0.1637247544 2.5743047045 -0.9147017854
H 0.6554532451 -0.2384843773 -2.6476713733
H 1.8021975031 -0.1670690619 -1.4820495768
H -1.0163457055 0.3394928048 2.7246391318
H -2.3265613303 0.2587276581 1.8626961159
H -2.5870368060 0.7944942969 -1.2708767172
H -2.6135255989 -0.7693219070 -1.2415401754
O 2.9953378980 -0.2749406261 -0.2623240431
H 1.8070802434 -0.5922323287 1.5373590023
H -0.8939747403 -2.5878324231 0.8506201819
H 0.0421333628 -2.7058122778 -0.3965631730
H 3.5184198688 0.4970696518 0.0310588313
