Fe -0.2280574929 0.0210777790 0.0417496885
O -1.3498101615 0.2190999617 1.8491158340
O 0.8202033444 -0.1352570575 -1.7578850168
O -0.3338748987 2.1318463801 -0.2203367835
O 1.6834017599 0.0164977019 0.8568703875
O -2.1958219901 0.0144736144 -0.8953174298
O -0.4886382054 -2.1020105175 0.1271796487
H -0.5263870361 2.7788153454 0.4735020084
H 0.1219866626 2.6023803067 -0.9329274757
H 0.5612659597 -0.2343819901 -2.6834092701
H 1.7874042780 -0.1951575622 -1.6835270716
H -1.0972839035 0.3506050319 2.7738838658
H -2.3169684163 0.2496887030 1.8095922910
H -2.6157814935 0.7919167212 -1.2884608278
H -2.6456309256 -0.7634144488 -1.2524748936
O 2.8075610693 -0.2272648440 -0.0676984286
H 1.9100655243 -0.5785999429 1.5940508943
H -0.9295486800 -2.6005559622 0.8300631944
H -0.0120564725 -2.7402148401 -0.4232933478
H 3.4295632870 0.4824768265 0.1853186476
