Fe -0.2552169271 0.0226086843 0.0170037830
O -1.3407365437 0.2210051397 1.8628279877
O 0.7906848269 -0.1468864794 -1.8109221664
O -0.3104861455 2.1371819298 -0.2066258032
O 1.7776756167 0.0003179122 0.9325074735
O -2.2592258723 0.0178051521 -0.9156388384
O -0.4616148837 -2.1032814303 0.1402609841
H -0.5439845146 2.7779330689 0.4802533697
H 0.1367248393 2.6217772524 -0.9152383936
H 0.4930111798 -0.2457568691 -2.7251432437
H 1.7590716314 -0.2124349754 -1.7797672857
H -1.0670471357 0.3503533900 2.7819632922
H -2.3082418584 0.2577381564 1.8448259824
H -2.6746065369 0.7880700066 -1.3276827638
H -2.7312741537 -0.7622378491 -1.2381750222
O 2.8424400580 -0.2094585836 -0.0249353542
H 2.0114708753 -0.6242361706 1.6424842132
H -0.9037777028 -2.5978223942 0.8450540635
H -0.0182835969 -2.7461966201 -0.4319587263
H 3.4989992378 0.4626879837 0.2388474320
