Fe -0.2045779787 0.0224623940 0.0612820406
O -1.3646857189 0.2173789423 1.8232823072
O 0.8317453243 -0.1302479919 -1.6891002999
O -0.3526222579 2.1195455617 -0.2304376155
O 1.3513962365 0.0669748372 0.9854415343
O -2.1552407001 0.0102040260 -0.8907387761
O -0.5073875685 -2.0894709329 0.1132939016
H -0.4660308238 2.7432182374 0.5031329930
H 0.1658981172 2.5713739261 -0.9137755240
H 0.6619742811 -0.2419390691 -2.6344547442
H 1.8096739308 -0.1669400319 -1.4666046087
H -1.0082399204 0.3365059141 2.7165867208
H -2.3314342225 0.2623753989 1.8720139817
H -2.5803054330 0.7927734065 -1.2720946602
H -2.6085852081 -0.7719272080 -1.2384984660
O 3.0260851775 -0.2821754423 -0.2978117767
H 1.8097209196 -0.5793005333 1.5439556554
H -0.8866912680 -2.5839261822 0.8555146476
H 0.0483999672 -2.7029186185 -0.3917800981
H 3.5566486020 0.4897125681 -0.0157638574
