Fe -0.2156054083 0.0359574416 0.1135704877
O -1.4568292794 0.2244817571 1.8119293823
O 0.8540312416 -0.1201320379 -1.6324274300
O -0.4157855507 2.1317964872 -0.2362435353
O 1.2545356422 0.0778800574 1.1056594486
O -2.0948697405 -0.0148371197 -0.9563368233
O -0.5562846470 -2.0900803684 0.0966937237
H -0.5321516767 2.7544186074 0.4978459964
H 0.1428353967 2.5732211846 -0.8939745473
H 0.6332811151 -0.2307382900 -2.5672598914
H 1.8367276197 -0.1721780789 -1.4815563511
H -1.1031586938 0.3173957229 2.7094361902
H -2.4229765762 0.2800670075 1.8525389443
H -2.5339259894 0.7531179028 -1.3502005694
H -2.5482106140 -0.8136039900 -1.2627425260
O 3.2560452137 -0.3364926630 -0.5255385123
H 1.9278024492 -0.4309575762 1.5771460331
H -0.8744398251 -2.5735835577 0.8742147045
H 0.0370031573 -2.6868456770 -0.3844918384
H 4.0358429763 0.2594726816 -0.5257011692
