Fe -0.2359969462 0.0362653988 0.1648654262
O -1.5593216284 0.2231879816 1.7982928484
O 0.9008063496 -0.1495566103 -1.5567817161
O -0.4695193516 2.1447534108 -0.2144196899
O 1.1615084632 0.0670580140 1.2309654209
O -2.0056873663 -0.0046145638 -1.0719358911
O -0.6294162083 -2.0862741601 0.1357027959
H -0.6884556825 2.7488917191 0.5115476906
H 0.1693621938 2.6087080116 -0.7766004269
H 0.6349827265 -0.2094975347 -2.4846096285
H 1.8873052888 -0.2148479616 -1.4764186992
H -1.2251816470 0.2867912497 2.7061325723
H -2.5267158590 0.2586161155 1.8198003270
H -2.4305099201 0.7651378610 -1.4770926694
H -2.4893556804 -0.7996565013 -1.3385413111
O 3.4962511368 -0.3105731326 -0.7941995601
H 2.0852680930 0.0174394869 1.5092801826
H -0.8679950480 -2.5481473952 0.9540120554
H -0.0483593993 -2.6834940009 -0.3591367826
H 4.3744331103 -0.3976155568 -1.2245624483
