Fe -0.2179670143 0.0372850300 0.1196370100
O -1.4681085147 0.2254051467 1.8104671197
O 0.8568856622 -0.1198638830 -1.6284086714
O -0.4232521818 2.1337837414 -0.2348596562
O 1.2396050060 0.0783151376 1.1226653141
O -2.0880357108 -0.0167831915 -0.9659960428
O -0.5614445500 -2.0904711027 0.0973558340
H -0.5450638950 2.7544924433 0.4999536183
H 0.1430589345 2.5762713582 -0.8851884454
H 0.6280956089 -0.2262105629 -2.5618229238
H 1.8393419086 -0.1748492938 -1.4895963813
H -1.1140777136 0.3124908267 2.7084425562
H -2.4341165889 0.2820294867 1.8508417120
H -2.5279085666 0.7495594242 -1.3619392186
H -2.5431731647 -0.8169789927 -1.2657770126
O 3.2880212746 -0.3396640029 -0.5505131272
H 1.9619221170 -0.3972390101 1.5541520541
H -0.8695047629 -2.5710796574 0.8807228523
H 0.0318373736 -2.6868452685 -0.3841171199
H 4.1141715101 0.1846584348 -0.6297746310
