Fe -0.2351878360 0.0353966174 0.1706166376
O -1.5791638582 0.2234450825 1.7890334300
O 0.9063182750 -0.1540229134 -1.5441578970
O -0.4669040595 2.1444778013 -0.2083419848
O 1.1533930227 0.0672352078 1.2467076276
O -1.9940940267 -0.0031034515 -1.0842625958
O -0.6340881635 -2.0853814391 0.1449281129
H -0.6977675228 2.7469863162 0.5152500989
H 0.1800887984 2.6102432783 -0.7596591645
H 0.6362929036 -0.2139973458 -2.4707233416
H 1.8945246334 -0.2168939524 -1.4690724053
H -1.2585476263 0.2883799499 2.7015769394
H -2.5467625672 0.2589407081 1.7966214052
H -2.4141118598 0.7676014889 -1.4925661176
H -2.4773539733 -0.7970464552 -1.3548087327
O 3.5096536993 -0.3068039266 -0.8363441837
H 2.0639041767 0.0289399535 1.5666141241
H -0.8866297589 -2.5430290360 0.9613971467
H -0.0456734525 -2.6856279178 -0.3374562293
H 4.3741521927 -0.3936471026 -1.2935625321
