Fe -0.2087321453 0.0259552874 0.0731653388
O -1.3860201410 0.2187151618 1.8199806877
O 0.8434957025 -0.1280651311 -1.6642871266
O -0.3682380412 2.1226144893 -0.2359712377
O 1.3146377929 0.0718425556 1.0265520335
O -2.1380224916 0.0039217536 -0.9032556569
O -0.5213300569 -2.0902507707 0.1040143899
H -0.4659167838 2.7448775635 0.5011579289
H 0.1588057691 2.5676738113 -0.9171910321
H 0.6653053769 -0.2473234451 -2.6071532351
H 1.8243430214 -0.1674634540 -1.4524288516
H -1.0180869244 0.3314713086 2.7094555649
H -2.3518015756 0.2704129213 1.8784502618
H -2.5678141236 0.7835720771 -1.2851332667
H -2.5937508916 -0.7825246045 -1.2377941992
O 3.0901508474 -0.2979275376 -0.3710737425
H 1.8258452507 -0.5453349703 1.5702537538
H -0.8777015211 -2.5804727034 0.8603854108
H 0.0524661771 -2.6968590626 -0.3889593794
H 3.6640488952 0.4577516063 -0.1284955079
