Fe -0.2068211049 0.0204364779 0.0533955901
O -1.3544238550 0.2176759071 1.8332077930
O 0.8209763953 -0.1322096047 -1.7211107507
O -0.3422354116 2.1216401682 -0.2253204124
O 1.4614000597 0.0526696720 0.9266364152
O -2.1730385064 0.0135156453 -0.8892285953
O -0.4980590851 -2.0923096378 0.1212376361
H -0.4887344014 2.7557906384 0.4926684150
H 0.1531822764 2.5818227251 -0.9196651311
H 0.6369803865 -0.2353203753 -2.6642828672
H 1.7926030725 -0.1704998024 -1.5272804867
H -1.0407270971 0.3435499071 2.7409698833
H -2.3225654974 0.2546755872 1.8448273217
H -2.5981042510 0.7945962725 -1.2724514609
H -2.6209189477 -0.7670804088 -1.2461104596
O 2.9378501583 -0.2615100536 -0.2019701128
H 1.8214702279 -0.6039594180 1.5454464208
H -0.9059045462 -2.5945170413 0.8423961705
H 0.0274931272 -2.7132648955 -0.4059754221
H 3.4726022841 0.5001708863 0.0960145244
