Fe -0.2811319550 -0.0064023698 -0.0104878797
O -1.2720249872 0.2336587747 1.8774017228
O 0.7609249730 -0.2453545331 -1.8387020737
O -0.1748959648 2.1073106134 -0.1857328736
O 1.7422526185 -0.0908453736 0.9760148881
O -2.2912953253 0.0849838501 -0.9267785831
O -0.4606309643 -2.1287973626 0.1478450271
H -0.4151841044 2.7517660450 0.4950896240
H 0.2810489126 2.5858933162 -0.8926067436
H 0.4552614134 -0.3557007106 -2.7494400246
H 1.7305983513 -0.2061360078 -1.8360350862
H -0.9105935932 0.3684631796 2.7651630234
H -2.2351581651 0.3049660896 1.9469545385
H -2.6553733755 0.8574995939 -1.3813637554
H -2.8579046384 -0.6652018611 -1.1544684832
O 2.8147223351 0.0564421727 0.0180142528
H 2.0226645333 -0.8729092260 1.4848333915
H -0.9189639117 -2.6243528619 0.8416012268
H -0.0829380005 -2.7716138408 -0.4698047028
H 3.3995497962 0.7058830545 0.4507801204
