Fe -0.2068662372 0.0240075534 0.0660670465
O -1.3737113308 0.2178476798 1.8211613821
O 0.8382528837 -0.1292939237 -1.6758802107
O -0.3595168592 2.1207829859 -0.2332418746
O 1.3297859480 0.0698589294 1.0077066808
O -2.1468890460 0.0075392618 -0.8954412505
O -0.5136154174 -2.0897947236 0.1087284408
H -0.4630108126 2.7426973986 0.5033549392
H 0.1640022637 2.5692283265 -0.9149937990
H 0.6656782003 -0.2455431135 -2.6201825749
H 1.8177770297 -0.1671276865 -1.4564971090
H -1.0082937182 0.3336310612 2.7112856378
H -2.3397976385 0.2666225406 1.8779627281
H -2.5739336217 0.7891305318 -1.2765711204
H -2.6021370284 -0.7763642214 -1.2366589949
O 3.0577405445 -0.2898048679 -0.3349145832
H 1.8162423911 -0.5633839063 1.5564045607
H -0.8806687479 -2.5813407813 0.8590617062
H 0.0520625468 -2.7000601341 -0.3891461999
H 3.6061385841 0.4764441405 -0.0699325214
