Fe -0.2366173316 0.0372349193 0.1594088347
O -1.5410752043 0.2238595981 1.8056075584
O 0.8944276361 -0.1441844581 -1.5701555444
O -0.4695897560 2.1450152577 -0.2204679012
O 1.1689062301 0.0663753726 1.2166192449
O -2.0183468153 -0.0070865682 -1.0577823253
O -0.6223015422 -2.0876458792 0.1257485667
H -0.6721174476 2.7516623521 0.5081950801
H 0.1590046355 2.6056263894 -0.7967844579
H 0.6317367279 -0.2054695457 -2.4988401973
H 1.8792083568 -0.2119848850 -1.4857742133
H -1.1955192025 0.2858173658 2.7093432106
H -2.5080873848 0.2607698822 1.8386731272
H -2.4490615062 0.7611168909 -1.4596959149
H -2.5008448645 -0.8039159629 -1.3212189425
O 3.4815642885 -0.3144417595 -0.7525468770
H 2.1036307791 0.0028977015 1.4533436187
H -0.8491008648 -2.5538381014 0.9449818921
H -0.0465005587 -2.6812729242 -0.3793793889
H 4.3732556747 -0.3996346033 -1.1546297490
