Fe -0.2458599930 0.0222715189 0.0273244548
O -1.3472968374 0.2204653107 1.8610283342
O 0.8040239561 -0.1411698423 -1.7977109076
O -0.3223989032 2.1393327415 -0.2132721766
O 1.7555685104 0.0061050439 0.9074384871
O -2.2343309324 0.0160280293 -0.9083149080
O -0.4750253003 -2.1070773554 0.1342016019
H -0.5477272654 2.7854488245 0.4713186683
H 0.1212268681 2.6182086390 -0.9279898252
H 0.5109148486 -0.2417271884 -2.7130774206
H 1.7716600117 -0.2136739856 -1.7594882371
H -1.0903015071 0.3500664004 2.7849177698
H -2.3144690243 0.2537704078 1.8259772426
H -2.6493159252 0.7890086285 -1.3155591480
H -2.6956145401 -0.7635696029 -1.2469871256
O 2.8267928535 -0.2175341685 -0.0393670583
H 1.9934987213 -0.5936958479 1.6371270562
H -0.9222912279 -2.6011501839 0.8361200930
H -0.0228205360 -2.7507931505 -0.4301151416
H 3.4773626794 0.4651372064 0.2126972941
