Fe -0.2099525505 0.0281598553 0.0818430394
O -1.4004100764 0.2198469548 1.8189062426
O 0.8465821053 -0.1264865111 -1.6551272584
O -0.3781900519 2.1244946135 -0.2380001341
O 1.3032249499 0.0732256561 1.0424905757
O -2.1287720666 -0.0003376861 -0.9132774226
O -0.5296580998 -2.0903594884 0.1000349751
H -0.4746988246 2.7481223923 0.4981445804
H 0.1528131406 2.5667713455 -0.9179105582
H 0.6606172057 -0.2465039470 -2.5963717217
H 1.8284003531 -0.1680444898 -1.4540881412
H -1.0347697599 0.3296005415 2.7096977419
H -2.3662347644 0.2731866067 1.8742499417
H -2.5613543486 0.7768113817 -1.2969037873
H -2.5836205069 -0.7896933150 -1.2419175745
O 3.1232386206 -0.3065231464 -0.4052159285
H 1.8391203087 -0.5257499948 1.5820644036
H -0.8774393406 -2.5801496179 0.8607079856
H 0.0506085911 -2.6935418294 -0.3894876229
H 3.7286188766 0.4337845706 -0.1913650422
