Fe -0.2170463946 0.0204341945 0.0473947849
O -1.3514246170 0.2183266168 1.8412700127
O 0.8203537956 -0.1335719251 -1.7393180477
O -0.3377456597 2.1262200759 -0.2228765801
O 1.5845366874 0.0337657252 0.8809267212
O -2.1837122764 0.0142111617 -0.8914211159
O -0.4933605042 -2.0968212668 0.1245553432
H -0.5078610604 2.7675881100 0.4822736251
H 0.1366008065 2.5926881239 -0.9263858725
H 0.6042341662 -0.2341499218 -2.6755408997
H 1.7861600673 -0.1803311643 -1.6114889478
H -1.0735703584 0.3476565326 2.7591303522
H -2.3192354128 0.2517030430 1.8250016859
H -2.6077789858 0.7929337585 -1.2779170984
H -2.6313196626 -0.7642717831 -1.2504219017
O 2.8595191424 -0.2427079165 -0.1250689143
H 1.8582298396 -0.5984451760 1.5698732499
H -0.9189391275 -2.5991844651 0.8344142904
H 0.0063155147 -2.7266751807 -0.4154357385
H 3.4357116651 0.4973664337 0.1547993072
