Fe -0.2350427044 0.0352401437 0.1717436734
O -1.5830288470 0.2235906225 1.7871371258
O 0.9073155308 -0.1547769347 -1.5418134181
O -0.4662088746 2.1444171794 -0.2072318038
O 1.1517736364 0.0672240647 1.2498247903
O -1.9920032867 -0.0028998200 -1.0864308365
O -0.6347620849 -2.0852571511 0.1465709750
H -0.6989387715 2.7467180072 0.5159283736
H 0.1821460136 2.6103709653 -0.7567903331
H 0.6364154484 -0.2148404776 -2.4681094387
H 1.8958372886 -0.2172050098 -1.4678433052
H -1.2651118070 0.2887430255 2.7005984840
H -2.5506395274 0.2591948708 1.7919356154
H -2.4112084576 0.7679382595 -1.4953114944
H -2.4750824871 -0.7966880166 -1.3577472096
O 3.5121456774 -0.3061103993 -0.8443721269
H 2.0596103171 0.0308686407 1.5773619321
H -0.8899782781 -2.5421673106 0.9626157899
H -0.0448579854 -2.6859861790 -0.3334007265
H 4.3740281648 -0.3928434511 -1.3065162198