Fe -0.2236711575 0.0392426738 0.1307958791
O -1.4870747552 0.2268911278 1.8087624676
O 0.8636900104 -0.1217632119 -1.6206335354
O -0.4372056649 2.1382458758 -0.2326076303
O 1.2106500100 0.0758961320 1.1555740246
O -2.0744386783 -0.0186320323 -0.9852533485
O -0.5727200016 -2.0916830561 0.0989743175
H -0.5691464140 2.7546154051 0.5040928738
H 0.1442125129 2.5830735868 -0.8677228203
H 0.6192378135 -0.2177524892 -2.5512881059
H 1.8454886531 -0.1846054599 -1.5052822719
H -1.1299106169 0.3007171714 2.7068306157
H -2.4527055108 0.2854613828 1.8513363554
H -2.5159263438 0.7450388470 -1.3843476729
H -2.5352409630 -0.8209865041 -1.2700393363
O 3.3495886421 -0.3380541934 -0.5955217814
H 2.0426425803 -0.2973171783 1.4755320710
H -0.8536763696 -2.5661539107 0.8962010948
H 0.0171872768 -2.6870784628 -0.3874102316
H 4.2484781801 -0.0200147178 -0.8303155324
