Fe -0.2306597190 0.0398619143 0.1419239602
O -1.5032613789 0.2274023142 1.8093636574
O 0.8724364617 -0.1272228746 -1.6089541057
O -0.4515507872 2.1431607445 -0.2308327430
O 1.1887213517 0.0688789933 1.1833465846
O -2.0574908667 -0.0171967783 -1.0082727834
O -0.5886732425 -2.0923812257 0.1027995221
H -0.5979591019 2.7558256697 0.5062258818
H 0.1440152930 2.5916706936 -0.8500413235
H 0.6154861194 -0.2091747729 -2.5377004427
H 1.8540312584 -0.1967034846 -1.5131224064
H -1.1438206117 0.2896805998 2.7076308103
H -2.4689106080 0.2823510655 1.8543951409
H -2.5006309194 0.7452536460 -1.4077889863
H -2.5259775463 -0.8203648368 -1.2778308949
O 3.4092240002 -0.3283259390 -0.6432482856
H 2.1090733622 -0.1439996840 1.3888381702
H -0.8332996559 -2.5630088773 0.9142724039
H -0.0055441071 -2.6842775075 -0.3956847053
H 4.3328656827 -0.2607649902 -0.9698537815
