Fe -0.2120731044 0.0325086705 0.0993024801
O -1.4303045449 0.2223155883 1.8156032749
O 0.8497924530 -0.1227643166 -1.6420094480
O -0.3984353027 2.1280514221 -0.2386517885
O 1.2816371240 0.0755847194 1.0726447544
O -2.1104928692 -0.0087490568 -0.9354365022
O -0.5447400469 -2.0899359764 0.0963013647
H -0.5028499609 2.7529727199 0.4953099131
H 0.1448819057 2.5681686174 -0.9100748197
H 0.6460195817 -0.2397981293 -2.5799059778
H 1.8325477566 -0.1695096313 -1.4662062956
H -1.0729209195 0.3248304412 2.7105891587
H -2.3964569048 0.2767251755 1.8612006960
H -2.5472291299 0.7632760968 -1.3242484527
H -2.5630108444 -0.8035705386 -1.2535115093
O 3.1899575969 -0.3236319816 -0.4687036369
H 1.8755409681 -0.4831099425 1.5930678640
H -0.8786247790 -2.5779254666 0.8643590092
H 0.0446302349 -2.6885428030 -0.3877309692
H 3.8748151856 0.3663255557 -0.3387013936
