Fe -0.2126396652 0.0202807069 0.0495283871
O -1.3523139859 0.2180604708 1.8382781407
O 0.8199679219 -0.1330534582 -1.7329532310
O -0.3392233885 2.1242708610 -0.2237479037
O 1.5355777815 0.0417586528 0.8990594315
O -2.1798129559 0.0140939791 -0.8903638382
O -0.4950471444 -2.0949325485 0.1235190119
H -0.5006238319 2.7629765625 0.4862491735
H 0.1431608598 2.5885441644 -0.9237187434
H 0.6186243408 -0.2342827884 -2.6724319219
H 1.7871509910 -0.1758614859 -1.5770640684
H -1.0611542198 0.3461361331 2.7524902745
H -2.3203416584 0.2526740306 1.8324533347
H -2.6048261408 0.7936865381 -1.2749795831
H -2.6270563068 -0.7652547302 -1.2489277838
O 2.8900375837 -0.2501526837 -0.1547941458
H 1.8425446877 -0.6033378062 1.5597694411
H -0.9141284859 -2.5979706483 0.8370808631
H 0.0145852083 -2.7210212489 -0.4121239750
H 3.4477452699 0.4992076152 0.1352633269
