Fe -0.2136160453 0.0343672095 0.1068493295
O -1.4441691760 0.2234521064 1.8136920885
O 0.8516365851 -0.1211619631 -1.6369253042
O -0.4075495597 2.1298871477 -0.2376209752
O 1.2687942439 0.0768373788 1.0888007185
O -2.1022944085 -0.0121567235 -0.9461644107
O -0.5508463640 -2.0898944264 0.0962235388
H -0.5179859808 2.7540126560 0.4961235761
H 0.1433212371 2.5704182581 -0.9025214407
H 0.6392013386 -0.2353512781 -2.5732447930
H 1.8344536273 -0.1705221194 -1.4737170541
H -1.0894427584 0.3214981450 2.7102308172
H -2.4103716780 0.2783081559 1.8559790727
H -2.5403493066 0.7576774003 -1.3376388387
H -2.5547324238 -0.8091538189 -1.2586498256
O 3.2231777779 -0.3309446948 -0.4981303457
H 1.8992021507 -0.4588734445 1.5894648204
H -0.8774583379 -2.5759183494 0.8686473454
H 0.0411458411 -2.6873402846 -0.3858938764
H 3.9546601595 0.3191250650 -0.4273196393
