Fe -0.2206566414 0.0383873912 0.1253194856
O -1.4781467005 0.2262170928 1.8093833318
O 0.8601304908 -0.1203937055 -1.6246135569
O -0.4303048532 2.1359186305 -0.2336241820
O 1.2246716349 0.0777606190 1.1394742347
O -2.0813623393 -0.0180561900 -0.9755066110
O -0.5667710054 -2.0910292880 0.0980865662
H -0.5571880408 2.7544881242 0.5021248690
H 0.1436283438 2.5795337379 -0.8763970997
H 0.6233407628 -0.2218498226 -2.5566142777
H 1.8422670331 -0.1791561391 -1.4977852858
H -1.1227690172 0.3068402863 2.7074862578
H -2.4439643067 0.2839925946 1.8505668507
H -2.5220129693 0.7468588606 -1.3732250796
H -2.5390392949 -0.8194374547 -1.2680428329
O 3.3191710417 -0.3401810252 -0.5735314236
H 2.0011661531 -0.3539111684 1.5196838879
H -0.8625593407 -2.5685377392 0.8880696978
H 0.0253189410 -2.6870572183 -0.3850612388
H 4.1864077132 0.0911685932 -0.7344664992
