Fe -0.2215783312 0.0206623652 0.0452339131
O -1.3506645436 0.2186211895 1.8443741103
O 0.8206719259 -0.1341723471 -1.7462421366
O -0.3362590325 2.1283846337 -0.2219303227
O 1.6310047743 0.0258261653 0.8655124120
O -2.1880398762 0.0143008804 -0.8927538248
O -0.4915775131 -2.0988767191 0.1255696818
H -0.5153446686 2.7722693918 0.4784685626
H 0.1301776459 2.5967208553 -0.9292255997
H 0.5870417689 -0.2340884259 -2.6783515190
H 1.7869068047 -0.1855879926 -1.6435617789
H -1.0847626573 0.3490750051 2.7655018711
H -2.3182438982 0.2507360153 1.8176970223
H -2.6106473229 0.7924270317 -1.2816946461
H -2.6362891488 -0.7637026778 -1.2516112493
O 2.8320318330 -0.2355045694 -0.0971572683
H 1.8770786295 -0.5908772181 1.5787749337
H -0.9237112810 -2.5999370426 0.8322185662
H -0.0017201063 -2.7324184513 -0.4187613785
H 3.4275441968 0.4930050229 0.1708651942
