Fe -0.2363129154 0.0383212980 0.1539475500
O -1.5253642419 0.2252903551 1.8097884976
O 0.8868306352 -0.1380375369 -1.5844680732
O -0.4661335980 2.1452510255 -0.2256492252
O 1.1754353292 0.0654994337 1.2044029508
O -2.0319638687 -0.0106592186 -1.0414996045
O -0.6122169231 -2.0895218173 0.1158643685
H -0.6476895089 2.7547102001 0.5062096176
H 0.1498186139 2.6013565447 -0.8189018368
H 0.6257623096 -0.2032570366 -2.5133926652
H 1.8700523479 -0.2079769711 -1.4974453348
H -1.1715683211 0.2856012961 2.7104933553
H -2.4918957471 0.2664100095 1.8507768610
H -2.4692945351 0.7552535985 -1.4406919194
H -2.5109151869 -0.8100876698 -1.3036156879
O 3.4632272179 -0.3183988273 -0.7120333341
H 2.1171739916 -0.0205350429 1.4045716921
H -0.8336044723 -2.5589396259 0.9347505744
H -0.0376148078 -2.6800656542 -0.3941345814
H 4.3683605906 -0.3917081538 -1.0854942576
