Fe -0.2109290992 0.0304104529 0.0908737688
O -1.4155398727 0.2210917149 1.8174281577
O 0.8483182777 -0.1246409925 -1.6479183855
O -0.3885279083 2.1262799425 -0.2388966355
O 1.2928488078 0.0743868095 1.0574056074
O -2.1194135053 -0.0047251509 -0.9243261011
O -0.5376680387 -2.0901560196 0.0974334155
H -0.4877960549 2.7510214230 0.4959386278
H 0.1479581966 2.5668776648 -0.9155346701
H 0.6535005389 -0.2437076848 -2.5874729292
H 1.8307614061 -0.1687454645 -1.4593410542
H -1.0541584926 0.3274801314 2.7103597234
H -2.3815442569 0.2751377032 1.8677321751
H -2.5543646531 0.7697811522 -1.3103987806
H -2.5728898732 -0.7969655573 -1.2476576907
O 3.1566513661 -0.3152862199 -0.4377235974
H 1.8557365022 -0.5050698555 1.5901060178
H -0.8782899541 -2.5793862974 0.8617216429
H 0.0477772952 -2.6906244953 -0.3891636192
H 3.7990988969 0.4037902293 -0.2606243760
