Fe -0.2370753942 0.0217357832 0.0355320818
O -1.3491173517 0.2198428522 1.8559553883
O 0.8152096099 -0.1375484730 -1.7780340779
O -0.3293913870 2.1368991415 -0.2174247319
O 1.7246405679 0.0099937288 0.8773768960
O -2.2120400556 0.0149923727 -0.9008413374
O -0.4832071852 -2.1060985856 0.1301038905
H -0.5405918246 2.7857261723 0.4691273313
H 0.1159748404 2.6107383365 -0.9344072902
H 0.5318879154 -0.2369309893 -2.6964525842
H 1.7826281847 -0.2086113763 -1.7285031992
H -1.1027343620 0.3510235610 2.7824816337
H -2.3159659350 0.2503054548 1.8101984459
H -2.6284824516 0.7907552728 -1.3011430659
H -2.6660215482 -0.7635111915 -1.2515333186
O 2.8104578437 -0.2218868023 -0.0515146646
H 1.9584016260 -0.5739653368 1.6210627773
H -0.9316704315 -2.6014239551 0.8303978179
H -0.0215974412 -2.7486660984 -0.4278903616
H 3.4521860038 0.4705668092 0.1973767917
