Fe -0.2728598280 0.0207679845 -0.0025184978
O -1.3200372676 0.2250175767 1.8632130355
O 0.7782398145 -0.1672574634 -1.8235905995
O -0.2674668853 2.1317865943 -0.1901070886
O 1.7764430833 -0.0230013858 0.9571635467
O -2.2946729767 0.0267342758 -0.9180458955
O -0.4264869855 -2.1006439276 0.1545080947
H -0.5032624840 2.7657040058 0.5022150976
H 0.1789071422 2.6227377050 -0.8947720299
H 0.4861072927 -0.2614885097 -2.7402217233
H 1.7480862013 -0.2071112136 -1.7915738185
H -1.0138071767 0.3578185463 2.7715424745
H -2.2873881464 0.2661451508 1.8790382675
H -2.7067785720 0.7954321957 -1.3357465338
H -2.7854084265 -0.7508250283 -1.2192372417
O 2.8486731403 -0.1678719160 -0.0035721094
H 2.0026238012 -0.6992651984 1.6205992164
H -0.8729366962 -2.5996565955 0.8533600234
H -0.0018052525 -2.7400008821 -0.4355400619
H 3.4970389294 0.4941103356 0.3017809708
