Fe -0.2657912965 0.0223352650 0.0053051613
O -1.3293483055 0.2223930131 1.8628782372
O 0.7814709720 -0.1564149480 -1.8188315586
O -0.2898160923 2.1338134341 -0.1970189685
O 1.7837326500 -0.0102463661 0.9493019644
O -2.2823553221 0.0213588468 -0.9193551983
O -0.4416600449 -2.0994189265 0.1487204943
H -0.5265494077 2.7695044021 0.4934033667
H 0.1588773058 2.6232128316 -0.9013514485
H 0.4852577845 -0.2512534103 -2.7340498808
H 1.7507055310 -0.2099591558 -1.7888054560
H -1.0369677690 0.3533346937 2.7760251856
H -2.2969215264 0.2615262385 1.8643211193
H -2.6976006377 0.7901808266 -1.3343334753
H -2.7653041622 -0.7577773642 -1.2277853353
O 2.8507386390 -0.1927597450 -0.0111645195
H 2.0118087319 -0.6616957676 1.6365277431
H -0.8827647388 -2.5960677350 0.8526482217
H -0.0089248827 -2.7404617945 -0.4336109375
H 3.5062216092 0.4720718937 0.2724308318
