Fe -0.2037781019 0.0206308383 0.0557367456
O -1.3558511680 0.2174549349 1.8301304025
O 0.8220670289 -0.1316946848 -1.7135323932
O -0.3441869096 2.1201980658 -0.2263190098
O 1.4193510748 0.0585267046 0.9424006103
O -2.1688436980 0.0130677689 -0.8886585465
O -0.4999240578 -2.0908574109 0.1197190556
H -0.4815509255 2.7514503824 0.4964244733
H 0.1588659685 2.5778921046 -0.9172144808
H 0.6471924653 -0.2361630620 -2.6585768420
H 1.7962788658 -0.1678438399 -1.5007911726
H -1.0287214332 0.3419584202 2.7337898799
H -2.3239258310 0.2560145488 1.8524380434
H -2.5936370700 0.7949547647 -1.2713338654
H -2.6174362286 -0.7680392155 -1.2443823929
O 2.9652749886 -0.2679777819 -0.2294540739
H 1.8100394725 -0.6022757422 1.5377384421
H -0.9008629630 -2.5920565374 0.8457396829
H 0.0348485410 -2.7090277021 -0.4020373516
H 3.4891612301 0.5003078538 0.0705447015
