Fe -0.2270033502 0.0397760421 0.1362327439
O -1.4951854303 0.2273461882 1.8087130639
O 0.8676555668 -0.1239660588 -1.6157913161
O -0.4441714874 2.1407213043 -0.2317640504
O 1.1984843338 0.0727470321 1.1703476337
O -2.0667595815 -0.0184292453 -0.9957982123
O -0.5797633513 -2.0922539173 0.1003200355
H -0.5819864509 2.7550389183 0.5055752463
H 0.1443965933 2.5870516279 -0.8591737846
H 0.6162793380 -0.2136730026 -2.5452900428
H 1.8492167451 -0.1906645489 -1.5109786866
H -1.1364566717 0.2947407873 2.7067788375
H -2.4607240633 0.2854396395 1.8527283865
H -2.5091710003 0.7443016296 -1.3956174603
H -2.5311245182 -0.8214771831 -1.2727214790
O 3.3793476533 -0.3337923151 -0.6179362386
H 2.0807066410 -0.2262699186 1.4281151061
H -0.8434406079 -2.5642535422 0.9049330521
H 0.0072083757 -2.6863212726 -0.3910717239
H 4.2973679779 -0.1418378683 -0.9090815454
