Fe -0.2341942418 0.0393370059 0.1480116056
O -1.5128130208 0.2267422753 1.8103973632
O 0.8788729944 -0.1319584442 -1.5984096140
O -0.4593903822 2.1448732050 -0.2291112842
O 1.1814778449 0.0659565759 1.1941622546
O -2.0456834036 -0.0145218259 -1.0239399119
O -0.6000244335 -2.0914474933 0.1077347801
H -0.6201939223 2.7562805701 0.5059814028
H 0.1445862548 2.5966290236 -0.8377580884
H 0.6188448660 -0.2047511843 -2.5270873488
H 1.8609851597 -0.2025675657 -1.5085514423
H -1.1545582564 0.2866059186 2.7093732182
H -2.4788376627 0.2750461987 1.8550294514
H -2.4877804125 0.7490073839 -1.4225078278
H -2.5192424878 -0.8165298993 -1.2880345531
O 3.4385525398 -0.3229532115 -0.6745345462
H 2.1211541197 -0.0682178342 1.3778052055
H -0.8278996157 -2.5618745585 0.9242435748
H -0.0218329815 -2.6813778535 -0.3988130237
H 4.3560162858 -0.3503927658 -1.0234494448
