Fe -0.2098641844 0.0202421370 0.0510544310
O -1.3529965041 0.2178968118 1.8362851592
O 0.8198858233 -0.1327245343 -1.7286890844
O -0.3402838212 2.1230822085 -0.2243217888
O 1.5034491394 0.0468126451 0.9108722761
O -2.1772332846 0.0139635411 -0.8897987099
O -0.4961941207 -2.0937618408 0.1227562999
H -0.4959178408 2.7601308244 0.4889123054
H 0.1474985941 2.5857533166 -0.9221157291
H 0.6267684493 -0.2344777295 -2.6699889458
H 1.7889273347 -0.1731558553 -1.5537697834
H -1.0527327897 0.3451413635 2.7481498896
H -2.3212051519 0.2533366024 1.8372166231
H -2.6025714420 0.7942377419 -1.2735691128
H -2.6244016731 -0.7661216187 -1.2478384486
O 2.9104252714 -0.2550422651 -0.1744862421
H 1.8329009525 -0.6056431132 1.5531545646
H -0.9109460743 -2.5969776451 0.8390526423
H 0.0201377299 -2.7175021950 -0.4099135449
H 3.4560433214 0.5000338813 0.1214843015
